(title "Static Temperature")
(labels "Position" "Static Temperature")

((xy/key/label "line-17")
6.3579e-28	382.884
0.00161612	382.766
0.00436927	382.289
0.006	381.741
0.006	381.741
0.0077328	381.722
0.0107846	381.672
0.0121878	381.624
0.0123245	381.618
0.01443	381.535
0.0153668	381.498
0.016845	381.44
0.0175143	381.414
0.018206	381.387
0.0196024	381.334
0.0213695	381.271
0.0231373	381.207
0.0234303	381.196
0.02483	381.148
0.0265284	381.09
0.0282776	381.033
0.0287102	381.019
0.0299607	380.979
0.031671	380.926
0.0335871	380.87
0.034015	380.857
0.0351142	380.824
0.0367715	380.778
0.0369609	380.774
0.0375559	380.756
0.0404629	380.68
0.0428766	380.62
0.0446831	380.577
0.0470922	380.523
0.0499934	380.462
0.0522458	380.418
0.0552993	380.363
0.0574069	380.328
0.0601245	380.288
0.0607387	380.279
0.062089	380.261
0.0634544	380.245
0.0644168	380.234
0.0670285	380.209
0.0691052	380.192
0.0694331	380.19
0.0719678	380.178
0.072	380.177
0.072	380.177
0.0722798	368.334
0.0726447	355.285
0.0731265	342.222
0.073212	340.724
0.0755658	321.284
0.0772669	318.633
0.0782714	318.358
0.0813964	318.171
0.0845214	318.152
0.0876464	318.15
0.0938964	318.15
0.100146	318.15
0.106396	318.15
0.118896	318.15
0.118896	318.15
0.131396	318.15
0.143896	318.15
0.156396	318.15
0.166945	318.15
0.169038	318.15
0.179899	318.15
0.18398	318.15
0.190271	318.15
0.195563	318.15
0.2	318.15
)
